LOCAL SERACHER, LOCAL NODES
 Attempt    Nodes    Edges Distance          Time         TTime
       1      500      500       -1           158           201
       2      500      500       -1            17            35
       3      500      500       -1            17            35
       4      500      500       -1            16            35
       5      500      500       -1           276          1587
       6      500      500       -1            16            42
       7      500      500       -1            42           116
       8      500      500       -1           607          4974
       9      500      500       -1            97           390
      10      500      500       -1            51           151
      11      500     1000        8          1213          5975
      12      500     1000        8           555          2210
      13      500     1000        9          1153         17765
      14      500     1000       -1           595         19031
      15      500     1000       -1             9            29
      16      500     1000        3            46           114
      17      500     1000       -1             9            24
      18      500     1000        6           185          3120
      19      500     1000       -1            27            18
      20      500     1000       -1           605         11788
      21      500     1500        5           238         13084
      22      500     1500        7           504          5563
      23      500     1500        8           571          2916
      24      500     1500        8           560          2852
      25      500     1500        3            57           172
      26      500     1500        8           401          1471
      27      500     1500        7            81           580
      28      500     1500       -1           715         34951
      29      500     1500        6           247          3210
      30      500     1500        9            94          5239
      31      500     2000        4           108           114
      32      500     2000        4            72            91
      33      500     2000        4            49            71
      34      500     2000        6           190          5561
      35      500     2000        6           288          8953
      36      500     2000        5           201         15915
      37      500     2000        2             7           102
      38      500     2000        6           385         16721
      39      500     2000        4            35            47
      40      500     2000        3            46           106
      41      500     2500        3            67           233
      42      500     2500        4           149           173
      43      500     2500        4           133           159
      44      500     2500        5           283         34086
      45      500     2500        3            37           137
      46      500     2500        2             5           124
      47      500     2500        3            35           137
      48      500     2500        4            93           115
      49      500     2500        5           288         37314
      50      500     2500        4           121           132
      51      500     3000        4           188           198
      52      500     3000        1             2           229
      53      500     3000        4           125           163
      54      500     3000        3            38           201
      55      500     3000        3            55           229
      56      500     3000        4           242           251
      57      500     3000        3            40           200
      58      500     3000        4           196           207
      59      500     3000        3            60           252
      60      500     3000        4           204           214
      61      500     3500        4           164           191
      62      500     3500        3           100           316
      63      500     3500        1             2           278
      64      500     3500        3            64           301
      65      500     3500        4           293           273
      66      500     3500        4           170           198
      67      500     3500        3            49           231
      68      500     3500        4           278           276
      69      500     3500        2            11           276
      70      500     3500        3            71           268
      71      500     4000        3            41           247
      72      500     4000        3           101           304
      73      500     4000        3            27           208
      74      500     4000        3           112           352
      75      500     4000        3           109           343
      76      500     4000        4           320           324
      77      500     4000        4           277           275
      78      500     4000        3            80           312
      79      500     4000        3            73           300
      80      500     4000        3           113           346
      81      500     4500        2            21           393
      82      500     4500        3            96           369
      83      500     4500        4           276           300
      84      500     4500        3            34           230
      85      500     4500        3            56           288
      86      500     4500        3           104           378
      87      500     4500        2            11           315
      88      500     4500        3            81           339
      89      500     4500        3            86           340
      90      500     4500        3            53           282
      91      500     5000        3           145           437
      92      500     5000        3            64           326
      93      500     5000        3           120           407
      94      500     5000        3           129           443
      95      500     5000        3           101           391
      96      500     5000        3           103           393
      97      500     5000        2            11           350
      98      500     5000        3            90           378
      99      500     5000        3           120           410
     100      500     5000        4           250           293
     101      500     5500        3            73           367
     102      500     5500        3            74           363
     103      500     5500        3           129           435
     104      500     5500        3           117           415
     105      500     5500        3            75           367
     106      500     5500        3            97           403
     107      500     5500        3           115           424
     108      500     5500        2            24           449
     109      500     5500        3           126           436
     110      500     5500        4           368           404
     111      500     6000        3           168           486
     112      500     6000        3           178           515
     113      500     6000        3           153           502
     114      500     6000        2            28           520
     115      500     6000        3           125           474
     116      500     6000        2            27           515
     117      500     6000        3           199           541
     118      500     6000        2            25           508
     119      500     6000        2            25           507
     120      500     6000        3           168           508
     121      500     6500        3           194           548
     122      500     6500        0             0           539
     123      500     6500        3           178           533
     124      500     6500        3           180           561
     125      500     6500        3           180           529
     126      500     6500        2            29           538
     127      500     6500        3           210           509
     128      500     6500        2            22           506
     129      500     6500        3           185           543
     130      500     6500        2            28           538
     131      500     7000        3           256           613
     132      500     7000        3           206           566
     133      500     7000        3           173           548
     134      500     7000        3           220           578
     135      500     7000        3           193           567
     136      500     7000        2            27           571
     137      500     7000        3           188           574
     138      500     7000        3           163           554
     139      500     7000        3           172           559
     140      500     7000        3           218           570
     141      500     7500        2            47           617
     142      500     7500        3           240           588
     143      500     7500        3           172           581
     144      500     7500        3           305           603
     145      500     7500        2            27           581
     146      500     7500        3           167           569
     147      500     7500        3           232           587
     148      500     7500        2            40           597
     149      500     7500        3           145           570
     150      500     7500        3           333           602
     151      500     8000        2            44           645
     152      500     8000        2            44           631
     153      500     8000        3           257           614
     154      500     8000        3           294           634
     155      500     8000        2            24           619
     156      500     8000        3           323           633
     157      500     8000        2            43           620
     158      500     8000        2            43           616
     159      500     8000        3           342           620
     160      500     8000        2            30           606
     161      500     8500        3           297           653
     162      500     8500        3           222           638
     163      500     8500        2            52           652
     164      500     8500        2            35           641
     165      500     8500        3           288           644
     166      500     8500        3           242           638
     167      500     8500        3           353           641
     168      500     8500        1             3           633
     169      500     8500        2            44           644
     170      500     8500        3           288           651
     171      500     9000        3           319           674
     172      500     9000        2            55           699
     173      500     9000        3           322           658
     174      500     9000        2            52           657
     175      500     9000        2            29           649
     176      500     9000        3           325           657
     177      500     9000        3           291           652
     178      500     9000        2            22           661
     179      500     9000        3           292           661
     180      500     9000        3           316           655
     181      500     9500        3           319           700
     182      500     9500        2            49           677
     183      500     9500        2            38           689
     184      500     9500        3           228           686
     185      500     9500        3           360           684
     186      500     9500        2            49           696
     187      500     9500        2            54           687
     188      500     9500        2            40           679
     189      500     9500        2            43           691
     190      500     9500        3           356           690
REMOTE SEARCHER, LOCAL NODES
 Attempt    Nodes    Edges Distance          Time         TTime
       1      500      500       -1          1922           379
       2      500      500       -1           305           309
       3      500      500       -1           302           309
       4      500      500       -1           985           515
       5      500      500       -1          1282          1306
       6      500      500       -1           306           302
       7      500      500       -1           364           368
       8      500      500       -1          3122          3288
       9      500      500       -1           563           558
      10      500      500       -1           426           424
      11      500     1000        8         13949         13498
      12      500     1000        8         11117         11453
      13      500     1000        9         10206         12586
      14      500     1000       -1         14314         15895
      15      500     1000       -1          7479          7386
      16      500     1000        3          7033          6944
      17      500     1000       -1          7224          6806
      18      500     1000        6          4737          4772
      19      500     1000       -1          3815          3794
      20      500     1000       -1          3681          5832
      21      500     1500        5          1595          5980
      22      500     1500        7          1620          3801
      23      500     1500        8          1447          2246
      24      500     1500        8          1417          2225
      25      500     1500        3          1210          1231
      26      500     1500        8          1343          1719
      27      500     1500        7          1202          1479
      28      500     1500       -1          1585         20330
      29      500     1500        6          1670          3981
      30      500     1500        9          1379          5965
      31      500     2000        4          1553          1369
      32      500     2000        4          1308          1344
      33      500     2000        4          1289          1313
      34      500     2000        6          1382          6599
      35      500     2000        6          1546         10094
      36      500     2000        5          1570         17104
      37      500     2000        2          1535          1347
      38      500     2000        6          1528         16553
      39      500     2000        4          1593          1299
      40      500     2000        3          1279          1360
      41      500     2500        3          1449          1569
      42      500     2500        4          1458          1507
      43      500     2500        4          1450          1512
      44      500     2500        5          1554         34699
      45      500     2500        3          1676          1496
      46      500     2500        2          1360          1474
      47      500     2500        3          1368          1474
      48      500     2500        4          1425          1472
      49      500     2500        5          1568         35928
      50      500     2500        4          3073          1502
      51      500     3000        4          1634          1626
      52      500     3000        1          1442          1695
      53      500     3000        4          1541          1591
      54      500     3000        3          1464          1634
      55      500     3000        3          1487          1692
      56      500     3000        4          1656          1672
      57      500     3000        3          1474          1640
      58      500     3000        4          1614          1647
      59      500     3000        3          1491          1673
      60      500     3000        4          1605          1658
      61      500     3500        4          1691          1685
      62      500     3500        3          1579          1821
      63      500     3500        1          1521          1772
      64      500     3500        3          1558          1774
      65      500     3500        4          2248          1785
      66      500     3500        4          1666          1690
      67      500     3500        3          1547          1729
      68      500     3500        4          1755          1774
      69      500     3500        2          1520          1785
      70      500     3500        3          1566          1781
      71      500     4000        3          2994          1828
      72      500     4000        3          1648          1857
      73      500     4000        3          1602          1800
      74      500     4000        3          1677          1932
      75      500     4000        3          1686          1922
      76      500     4000        4          1825          1893
      77      500     4000        4          1788          1830
      78      500     4000        3          1642          1908
      79      500     4000        3          1651          1896
      80      500     4000        3          1676          1922
      81      500     4500        2          1730          2055
      82      500     4500        3          3308          2086
      83      500     4500        4          1924          1935
      84      500     4500        3          1682          1882
      85      500     4500        3          1716          1928
      86      500     4500        3          1778          2041
      87      500     4500        2          1680          2004
      88      500     4500        3          1753          2012
      89      500     4500        3          1755          2016
      90      500     4500        3          1730          1940
      91      500     5000        3          1937          2191
      92      500     5000        3          1822          2065
      93      500     5000        3          1860          2139
      94      500     5000        3          1894          2154
      95      500     5000        3          1840          2132
      96      500     5000        3          1841          2165
      97      500     5000        2          1757          2097
      98      500     5000        3          1836          2107
      99      500     5000        3          1903          2138
     100      500     5000        4          2010          2036
     101      500     5500        3          1938          2168
     102      500     5500        3          1890          2182
     103      500     5500        3          1954          2261
     104      500     5500        3          1941          2242
     105      500     5500        3          1897          2222
     106      500     5500        3          1904          2218
     107      500     5500        3          1926          2252
     108      500     5500        2          1851          2275
     109      500     5500        3          2705          2260
     110      500     5500        4          2197          2202
     111      500     6000        3          2065          2343
     112      500     6000        3          2091          2414
     113      500     6000        3          2033          2361
     114      500     6000        2          1930          2388
     115      500     6000        3          2011          2343
     116      500     6000        2          1925          2374
     117      500     6000        3          2077          2371
     118      500     6000        2          1931          2371
     119      500     6000        2          1909          2372
     120      500     6000        3          2053          2376
     121      500     6500        3          2210          2475
     122      500     6500        0          1991          2488
     123      500     6500        3          2161          2487
     124      500     6500        3          2157          2483
     125      500     6500        3          2167          2496
     126      500     6500        2          2018          2497
     127      500     6500        3          2178          2489
     128      500     6500        2          2006          2487
     129      500     6500        3          2206          2549
     130      500     6500        2          2028          2501
     131      500     7000        3          2356          3779
     132      500     7000        3          2301          2612
     133      500     7000        3          2530          2558
     134      500     7000        3          2242          2600
     135      500     7000        3          2301          2604
     136      500     7000        2          2094          2625
     137      500     7000        3          2304          2611
     138      500     7000        3          2210          2623
     139      500     7000        3          2277          2573
     140      500     7000        3          2285          2611
     141      500     7500        2          2267          2696
     142      500     7500        3          2399          3928
     143      500     7500        3          3591          2812
     144      500     7500        3          2767          2708
     145      500     7500        2          2149          2713
     146      500     7500        3          3610          2980
     147      500     7500        3          2401          2699
     148      500     7500        2          2159          2695
     149      500     7500        3          2267          2669
     150      500     7500        3          2457          2703
     151      500     8000        2          2337          2823
     152      500     8000        2          3486          2890
     153      500     8000        3          2468          2770
     154      500     8000        3          2471          2805
     155      500     8000        2          2255          2823
     156      500     8000        3          2571          2835
     157      500     8000        2          2271          2806
     158      500     8000        2          2266          2814
     159      500     8000        3          2547          2833
     160      500     8000        2          2257          2797
     161      500     8500        3          2735          2918
     162      500     8500        3          2513          2909
     163      500     8500        2          2347          2932
     164      500     8500        2          2340          2944
     165      500     8500        3          2647          2892
     166      500     8500        3          2611          2956
     167      500     8500        3          3463          3124
     168      500     8500        1          2357          2937
     169      500     8500        2          2376          2919
     170      500     8500        3          2571          5119
     171      500     9000        3          2811          3017
     172      500     9000        2          2419          2979
     173      500     9000        3          2647          3782
     174      500     9000        2          2420          3012
     175      500     9000        2          2820          2998
     176      500     9000        3          2698          3008
     177      500     9000        3          2689          2999
     178      500     9000        2          2386          3960
     179      500     9000        3          2668          3033
     180      500     9000        3          3625          3267
     181      500     9500        3          2842          3125
     182      500     9500        2          2527          3130
     183      500     9500        2          2575          3090
     184      500     9500        3          2658          3097
     185      500     9500        3          2806          3116
     186      500     9500        2          2492          3120
     187      500     9500        2          2487          4358
     188      500     9500        2          2558          3079
     189      500     9500        2          2463          3051
     190      500     9500        3          2758          3100
LOCAL SEARCHER, REMOTE NODES
 Attempt    Nodes    Edges Distance          Time         TTime
       1      500      500       -1         16208         87107
       2      500      500       -1           895          2084
       3      500      500       -1           711          1693
       4      500      500       -1           229           482
       5      500      500       -1          2993          5082
       6      500      500       -1           179           398
       7      500      500       -1           170           407
       8      500      500       -1           668          1621
       9      500      500       -1          1784          6500
      10      500      500       -1           780          1990
      11      500     1000       -1         94188       1201688
      12      500     1000        7         32651        126757
      13      500     1000       14         58781        830094
      14      500     1000        7         28125        132372
      15      500     1000       11         27668        147291
      16      500     1000        5          4203         42086
      17      500     1000       -1            94           146
      18      500     1000        8         30173         74387
      19      500     1000       -1           795          2428
      20      500     1000       -1         50220        700556
      21      500     1500       -1        179734       2359492
      22      500     1500        3          2204          8731
      23      500     1500        9         53138       2218782
      24      500     1500        7         56044        195828
      25      500     1500        5         11653        493919
      26      500     1500        6         41626       1023512
      27      500     1500        4          3839          5211
      28      500     1500        7         43418        844736
      29      500     1500        8         50740        267811
      30      500     1500        4          8905          9404
      31      500     2000        5         19626       1573783
      32      500     2000        4          9596         11938
      33      500     2000        6         56964       2756206
      34      500     2000        3          5328         20304
      35      500     2000        5         24776       2333523
      36      500     2000        4         17835         20740
      37      500     2000        3          3586         15719
      38      500     2000        5         25555       2330288
      39      500     2000        5         30891       2655777
      40      500     2000        3           952          2746
      41      500     2500        4         16211         18548
      42      500     2500        4         13940         16232
      43      500     2500        4         11831         14271
      44      500     2500        4         21971         24166
      45      500     2500        5         42262       6638044
      46      500     2500        4         11413         12802
      47      500     2500        4          8686         10099
      48      500     2500        3          4886         25022
      49      500     2500        3          5399         23861
      50      500     2500        4          8327         10043
      51      500     3000        4         17578         19262
      52      500     3000        5         49342      10686058
      53      500     3000        3          4256         19936
      54      500     3000        3          4874         23451
      55      500     3000        4         14661         16471
      56      500     3000        4         39930         40938
      57      500     3000        4         17474         19307
      58      500     3000        5         57201      12109481
      59      500     3000        1           160         32604
      60      500     3000        3         10049         41140
      61      500     3500       -1         66887      20016328
      62      500     3500        3          8148         39772
      63      500     3500        4         36368         39465
      64      500     3500        3          7724         40319
      65      500     3500        4         28441         31056
      66      500     3500        4         23570         27789
      67      500     3500        4         27424         33561
      68      500     3500        3          6187         34332
      69      500     3500        2          1238         43612
      70      500     3500        4         35200         38615
      71      500     4000        4         26466         28608
      72      500     4000        3          5908         37743
      73      500     4000        3          8385         44784
      74      500     4000        3         14368         57881
      75      500     4000        3          8778         46946
      76      500     4000        3          8286         48457
      77      500     4000        3          4183         29608
      78      500     4000        2          1543        153220
      79      500     4000        3         12018         53561
      80      500     4000        3         15018         58257
      81      500     4500        3         23414         71717
      82      500     4500        4         52786         58714
      83      500     4500        3          9609         52186
      84      500     4500        3         15283         65610
      85      500     4500        4         47383         51156
      86      500     4500        3         10291         55292
      87      500     4500        3          5722         38814
      88      500     4500        3         16596         65844
      89      500     4500        3         16575         66715
      90      500     4500        4         42987         49608
      91      500     5000        2          1366         57875
      92      500     5000        3         16376         69326
      93      500     5000        2          1354         65071
      94      500     5000        3          9659         57739
      95      500     5000        3         14641        160988
      96      500     5000        2          1518         65304
      97      500     5000        3          5951         42772
      98      500     5000        4         38051         40999
      99      500     5000        3         14376         64567
     100      500     5000        3          8918         54397
     101      500     5500        4         63047         67114
     102      500     5500        3         19483         77262
     103      500     5500        4         64978         69886
     104      500     5500        3         24137         80329
     105      500     5500        3         10484         65892
     106      500     5500        3         16101         75494
     107      500     5500        3         20941         78616
     108      500     5500        3         21739         81143
     109      500     5500        3         12440         66769
     110      500     5500        3         22336         78856
     111      500     6000        3         30865         80870
     112      500     6000        3         19902         78025
     113      500     6000        3         18917         79187
     114      500     6000        3        158519         79355
     115      500     6000        3         17639         80674
     116      500     6000        3         19513         81085
     117      500     6000        3         13082         73631
     118      500     6000        2          2137         81163
     119      500     6000        3         14504         73755
     120      500     6000        2          1515         75764
     121      500     6500        0             4         86638
     122      500     6500        4         74423         81408
     123      500     6500        3         24943         86320
     124      500     6500        3         18748         82734
     125      500     6500        3         24024         85399
     126      500     6500        3         27781        360828
     127      500     6500        2          2543         81908
     128      500     6500        3         22494         79528
     129      500     6500        3         12249         73352
     130      500     6500        2          3109         83176
     131      500     7000        2          2802         94635
     132      500     7000        3         36840         89080
     133      500     7000        2          1782         87684
     134      500     7000        2          3303         89767
     135      500     7000        2          3156         89354
     136      500     7000        2          2514         89951
     137      500     7000        3         28477         89537
     138      500     7000        3         31294         89667
     139      500     7000        3         28361         89116
     140      500     7000        3         28455         89490
     141      500     7500        3         26707         91102
     142      500     7500        3        121161         91835
     143      500     7500        3         24227         90222
     144      500     7500        2          3460         91482
     145      500     7500        2          1850         88547
     146      500     7500        3         26830         91713
     147      500     7500        2          3733         92075
     148      500     7500        2          2927         92905
     149      500     7500        2          2744         92842
     150      500     7500        3         26313         92731
     151      500     8000        3         33613         91458
     152      500     8000        2          3031         91503
     153      500     8000        3         35582         91291
     154      500     8000        2          3241         92392
     155      500     8000        3         23910         91432
     156      500     8000        2          3571         91857
     157      500     8000        3         37017         91158
     158      500     8000        1           226         91702
     159      500     8000        2          2791         92991
     160      500     8000        3         39778         98509
     161      500     8500        3         34802        101377
     162      500     8500        2          3888         98374
     163      500     8500        3         44113         99686
     164      500     8500        2          3277        219595
     165      500     8500        2          3598         94062
     166      500     8500        3         36124         92040
     167      500     8500        3         39135         93520
     168      500     8500        2          3272         94630
     169      500     8500        3         41942         97989
     170      500     8500        2          4162         93976
     171      500     9000        2          2853        102456
     172      500     9000        3         36410        100746
     173      500     9000        3         55732        100804
     174      500     9000        3         51423        103122
     175      500     9000        3         50522        102847
     176      500     9000        3         39521        239885
     177      500     9000        2          5108         98632
     178      500     9000        2          3584         94681
     179      500     9000        3         50735         97347
     180      500     9000        2          3557         95015
     181      500     9500        3         65240        106011
     182      500     9500        3         45401        103849
     183      500     9500        2          3828        103100
     184      500     9500        3         52069        105300
     185      500     9500        2          4180        105504
     186      500     9500        2          3624        103614
     187      500     9500        3         46410        105831
     188      500     9500        3         34494        475975
     189      500     9500        3         43986         98916
     190      500     9500        2          4239         99224
REMOTE SEARCHER, REMOTE NODES
 Attempt    Nodes    Edges Distance          Time         TTime
       1      500      500       -1          1061          4382
       2      500      500       -1          4720         22993
       3      500      500       -1          9420         52753
       4      500      500       -1           373          1371
       5      500      500       -1           396           235
       6      500      500       -1           180           230
       7      500      500       -1           475           462
       8      500      500       -1           267           433
       9      500      500       -1          1613          6619
      10      500      500       -1           418           230
      11      500     1000       -1           346           647
      12      500     1000       11         33849        336170
      13      500     1000        4          3792          4981
      14      500     1000        5          4146         69884
      15      500     1000       -1         38389        699890
      16      500     1000       -1           516          3466
      17      500     1000       12         35216        317832
      18      500     1000       -1         37259        590804
      19      500     1000        7          8970         41920
      20      500     1000       -1           357           691
      21      500     1500        5          8865        339647
      22      500     1500       -1         50172       2267059
      23      500     1500        8         48014        808627
      24      500     1500        6         16369        300146
      25      500     1500        5         13102        668485
      26      500     1500        7         25482        188452
      27      500     1500        6         21058        377522
      28      500     1500        7         38023        407012
      29      500     1500        6         28226        645298
      30      500     1500        6         32007        717304
      31      500     2000        6         48929       2266582
      32      500     2000        5         38041       3527670
      33      500     2000        6         50695       3157004
      34      500     2000        4         12845         14670
      35      500     2000        6         25325        734141
      36      500     2000        5         22881       2065427
      37      500     2000        5         33186       3227191
      38      500     2000       -1         54576       5286587
      39      500     2000        5          6480        639726
      40      500     2000        4         10099         11415
      41      500     2500        6         39347       1946562
      42      500     2500        4          7550          9015
      43      500     2500        5         34997       5364975
      44      500     2500        2           468          8449
      45      500     2500        4         21717         23795
      46      500     2500        4         25951         28324
      47      500     2500        4         12988         15357
      48      500     2500        4         23489         26247
      49      500     2500        2           933         21995
      50      500     2500        3          3678         18415
      51      500     3000        4         23078         25696
      52      500     3000        4         13059         16316
      53      500     3000        3          3758         20149
      54      500     3000        4         17006         19893
      55      500     3000        4         19592         21969
      56      500     3000        3          3996         23211
      57      500     3000        2          1460         34946
      58      500     3000        4         28016         30811
      59      500     3000        4         34488         37057
      60      500     3000        3          4097         25759
      61      500     3500        3         10732         47056
      62      500     3500        4         27895         30475
      63      500     3500        2          1374         45089
      64      500     3500        4         50378         52820
      65      500     3500        4         36609         39447
      66      500     3500        2          1349         42755
      67      500     3500        4         25260         28284
      68      500     3500        3          9668         45404
      69      500     3500        4         38041         41746
      70      500     3500        4         40061         43161
      71      500     4000        4         49807         52414
      72      500     4000        3         10582         50542
      73      500     4000        3          6529         38298
      74      500     4000        4         48371         52355
      75      500     4000        3         14042         57357
      76      500     4000        3          9174         49809
      77      500     4000        4         50612         54277
      78      500     4000        3         13270         56800
      79      500     4000        3         10903         53462
      80      500     4000        3          4621         27080
      81      500     4500        3         11702         59620
      82      500     4500        4         30777         35076
      83      500     4500        2          1269         56075
      84      500     4500        5         71500      29549582
      85      500     4500        4         55450         59408
      86      500     4500        3         17380         65938
      87      500     4500        3         17921         64618
      88      500     4500        4         56941         59383
      89      500     4500        3         12870        199429
      90      500     4500        3         10422         52488
      91      500     5000        3         21072         69895
      92      500     5000        2          2170         70711
      93      500     5000        3         13848         65237
      94      500     5000        3         12665         65148
      95      500     5000        4         59707         62935
      96      500     5000        2          1401         59475
      97      500     5000        4         71154         74209
      98      500     5000        3         20438         74986
      99      500     5000        3         12171         64635
     100      500     5000        3         14834         66269
     101      500     5500        3        112700         77388
     102      500     5500        3         18287         72080
     103      500     5500        3         21321         75159
     104      500     5500        2          2378         73648
     105      500     5500        3         17496         71695
     106      500     5500        3         14290         71344
     107      500     5500        4         72664         75813
     108      500     5500        3         15410         69341
     109      500     5500        3         14881         70192
     110      500     5500        3         16175         74238
     111      500     6000        3         21319         80832
     112      500     6000        3         31089         84872
     113      500     6000        3         14612         72015
     114      500     6000        4         69351        203321
     115      500     6000        4         62326         62529
     116      500     6000        2          2076         76571
     117      500     6000        3         16676         73828
     118      500     6000        2          2074         75569
     119      500     6000        3         20586         77367
     120      500     6000        2          2603         78974
     121      500     6500        2          4342         89138
     122      500     6500        3         22598         83404
     123      500     6500        3         24871         83675
     124      500     6500        3         26241         86493
     125      500     6500        4         81479         87456
     126      500     6500        3         25529         86292
     127      500     6500        3         20690         84681
     128      500     6500        3        470325         81729
     129      500     6500        3         23168         79940
     130      500     6500        3         34802         82835
     131      500     7000        2          3883         89979
     132      500     7000        3         25661         88378
     133      500     7000        3         43332         88462
     134      500     7000        2          2949         89989
     135      500     7000        2          2101         86741
     136      500     7000        2          3173         88240
     137      500     7000        2          2133         87379
     138      500     7000        2          4285         90838
     139      500     7000        3         26172         88464
     140      500     7000        3         26069        206084
     141      500     7500        3         37929         92017
     142      500     7500        2          3188         91776
     143      500     7500        3         33348         92312
     144      500     7500        1           323         92258
     145      500     7500        3         27091         91192
     146      500     7500        3         39065         92232
     147      500     7500        3         17657         86800
     148      500     7500        3         29731         92121
     149      500     7500        2          1652         89542
     150      500     7500        3         36808         93961
     151      500     8000        3         49775         94496
     152      500     8000        3         29968         94480
     153      500     8000        3         44410         94975
     154      500     8000        3         22964         93666
     155      500     8000        2          3295         94871
     156      500     8000        2          4062         94434
     157      500     8000        2          4028         94655
     158      500     8000        3         40782         96237
     159      500     8000        3         30961         95412
     160      500     8000        2          4204         95410
     161      500     8500        3         35279         97931
     162      500     8500        3         42539         96058
     163      500     8500        2          4490         96750
     164      500     8500        1           282         97750
     165      500     8500        3         33181        105067
     166      500     8500        3         35360        101652
     167      500     8500        2          2345         97352
     168      500     8500        3         26883         97121
     169      500     8500        2          4400         97564
     170      500     8500        2          4110         97309
     171      500     9000        3         48286         99527
     172      500     9000        1           310         98797
     173      500     9000        3         47713         98901
     174      500     9000        2          2552        100122
     175      500     9000        3         45502         99060
     176      500     9000        2          3481        100912
     177      500     9000        3         52013        100647
     178      500     9000        3         44564         98614
     179      500     9000        2          4215         98972
     180      500     9000        2          3676         99760
     181      500     9500        3         55184        102753
     182      500     9500        2          3556        101508
     183      500     9500        3         63030        101606
     184      500     9500        3         49333        101770
     185      500     9500        2          4282        102641
     186      500     9500        2          4908        101806
     187      500     9500        3         58717        102276
     188      500     9500        2          2969        102282
     189      500     9500        3         53646        101983
     190      500     9500        3         61701        103431
