LOCAL SERACHER, LOCAL NODES
 Attempt    Nodes    Edges Distance          Time         TTime
       1     1000     1000       -1           398          1785
       2     1000     1000       -1           147           719
       3     1000     1000       -1            30            78
       4     1000     1000       -1          1191          9408
       5     1000     1000       -1            14            31
       6     1000     1000       -1            87           488
       7     1000     1000       -1            14            32
       8     1000     1000       -1            14            33
       9     1000     1000       -1            24            63
      10     1000     1000       -1            16            30
      11     1000     2000       -1            24            30
      12     1000     2000        5           319          8508
      13     1000     2000       -1          3059         40686
      14     1000     2000       14           109           457
      15     1000     2000        7           227          1449
      16     1000     2000       -1            16            34
      17     1000     2000        8           398          1753
      18     1000     2000        7           170          1145
      19     1000     2000       10           539          8552
      20     1000     2000       11           650          6510
      21     1000     3000        7           850          9748
      22     1000     3000        8           950          5854
      23     1000     3000        8           337          1054
      24     1000     3000        3            25           114
      25     1000     3000       11          1314         27737
      26     1000     3000        7           583          9968
      27     1000     3000        5           112         11420
      28     1000     3000        7           494          9652
      29     1000     3000        9           747         55851
      30     1000     3000        3            24           178
      31     1000     4000        7           815         18542
      32     1000     4000        5           236         22235
      33     1000     4000        7           908         28551
      34     1000     4000        6           419         11897
      35     1000     4000        5           219         27511
      36     1000     4000        8            98           205
      37     1000     4000        6           197          6584
      38     1000     4000        3            16            92
      39     1000     4000        4            31            49
      40     1000     4000        7           537         12214
      41     1000     5000        4            90           150
      42     1000     5000        4           124           185
      43     1000     5000        6           472         33339
      44     1000     5000        5           245         45438
      45     1000     5000        4           114           190
      46     1000     5000        3            30           197
      47     1000     5000        4            80           131
      48     1000     5000        4           194           286
      49     1000     5000        4           247           368
      50     1000     5000        4            63           104
      51     1000     6000        4           195           269
      52     1000     6000        4           117           199
      53     1000     6000        3            55           371
      54     1000     6000        4           326           445
      55     1000     6000        4           258           369
      56     1000     6000        5           585        185775
      57     1000     6000        5           502        169552
      58     1000     6000        4           206           282
      59     1000     6000        3            38           270
      60     1000     6000        5           300         78544
      61     1000     7000        3            49           373
      62     1000     7000        5           741        301726
      63     1000     7000        4           358           472
      64     1000     7000        3            52           385
      65     1000     7000        4           243           364
      66     1000     7000        3            46           361
      67     1000     7000        5           524        244422
      68     1000     7000        4           294           397
      69     1000     7000        5           637        263037
      70     1000     7000        4           318           422
      71     1000     8000        4           439           526
      72     1000     8000        4           450           531
      73     1000     8000        2             8           441
      74     1000     8000        5           725        365274
      75     1000     8000        4           452           539
      76     1000     8000        2            16           545
      77     1000     8000        4           402           502
      78     1000     8000        3            63           520
      79     1000     8000        3           122           551
      80     1000     8000        4           347           443
      81     1000     9000        4           521           601
      82     1000     9000        3           116           594
      83     1000     9000        3           135           642
      84     1000     9000        3           153           689
      85     1000     9000        3            83           518
      86     1000     9000        4           476           567
      87     1000     9000        4           405           517
      88     1000     9000        3            93           576
      89     1000     9000        3           148           672
      90     1000     9000        3           103           570
      91     1000    10000        3           101           600
      92     1000    10000        3           159           703
      93     1000    10000        3           138           691
      94     1000    10000        2            14           650
      95     1000    10000        3            91           582
      96     1000    10000        4           345           460
      97     1000    10000        3           178           752
      98     1000    10000        4           609           683
      99     1000    10000        2            23           756
     100     1000    10000        2            14           648
     101     1000    11000        4           779           793
     102     1000    11000        4           679           744
     103     1000    11000        3           157           766
     104     1000    11000        3           138           734
     105     1000    11000        3            53           449
     106     1000    11000        4           632           708
     107     1000    11000        3           201           833
     108     1000    11000        4           661           736
     109     1000    11000        3            86           579
     110     1000    11000        4           656           727
     111     1000    12000        4           824           851
     112     1000    12000        3           203           856
     113     1000    12000        3           137           772
     114     1000    12000        3           243           902
     115     1000    12000        4           656           725
     116     1000    12000        4           698           772
     117     1000    12000        3           223           897
     118     1000    12000        3           240           919
     119     1000    12000        3           208           882
     120     1000    12000        3           220           905
     121     1000    13000        3           238          1002
     122     1000    13000        2            15           827
     123     1000    13000        4           795           896
     124     1000    13000        3           221           943
     125     1000    13000        3           196           894
     126     1000    13000        3           300          1001
     127     1000    13000        3           289           997
     128     1000    13000        4           687           752
     129     1000    13000        3           291          1002
     130     1000    13000        3           217           936
     131     1000    14000        3           246          1047
     132     1000    14000        3           223           999
     133     1000    14000        3           232          1000
     134     1000    14000        2            33          1041
     135     1000    14000        4           938          1001
     136     1000    14000        3           150           870
     137     1000    14000        2            50          1094
     138     1000    14000        2            37          1071
     139     1000    14000        3           224           982
     140     1000    14000        3           215           974
     141     1000    15000        3           305          1126
     142     1000    15000        2            26          1054
     143     1000    15000        3           282          1118
     144     1000    15000        3           253          1073
     145     1000    15000        3           327          1105
     146     1000    15000        3           304          3422
     147     1000    15000        3           333          1074
     148     1000    15000        3           360          1128
     149     1000    15000        3           347          1079
     150     1000    15000        3           252          1040
     151     1000    16000        3           379          1240
     152     1000    16000        3           294          1139
     153     1000    16000        3           410          1182
     154     1000    16000        2            40          1169
     155     1000    16000        3           366          1179
     156     1000    16000        2            27          1142
     157     1000    16000        3           343          1144
     158     1000    16000        3           388          1157
     159     1000    16000        3           389          1198
     160     1000    16000        2            21          1128
     161     1000    17000        3           432          1265
     162     1000    17000        3           376          1218
     163     1000    17000        3           289          1195
     164     1000    17000        2            27          1171
     165     1000    17000        4          1194          1239
     166     1000    17000        3           346          1226
     167     1000    17000        3           273          1164
     168     1000    17000        2            41          1208
     169     1000    17000        3           394          1227
     170     1000    17000        3           572          1250
     171     1000    18000        2            54          1314
     172     1000    18000        1             3          1270
     173     1000    18000        3           440          1281
     174     1000    18000        3           277          1224
     175     1000    18000        3           430          1284
     176     1000    18000        3           387          1257
     177     1000    18000        3           295          1228
     178     1000    18000        2            37          1261
     179     1000    18000        2            43          1269
     180     1000    18000        3           396          1257
     181     1000    19000        3           349          1334
     182     1000    19000        2            25          1328
     183     1000    19000        3           443          1322
     184     1000    19000        2            39          1311
     185     1000    19000        2            58          1323
     186     1000    19000        2            38          1326
     187     1000    19000        2            48          1322
     188     1000    19000        3           388          1320
     189     1000    19000        1             3          1312
     190     1000    19000        3           333          1292
LOCAL SEARCHER, REMOTE NODES
 Attempt    Nodes    Edges Distance          Time         TTime
       1     1000     1000       -1          1337          2010
       2     1000     1000       -1           145           264
       3     1000     1000       -1          3719         12332
       4     1000     1000       -1           443           874
       5     1000     1000       -1          3332         13161
       6     1000     1000       -1           130           267
       7     1000     1000       -1           122           255
       8     1000     1000       -1          3763         12441
       9     1000     1000       -1           455           602
      10     1000     1000       -1           122           253
      11     1000     2000       12         83235        322338
      12     1000     2000       -1           107           163
      13     1000     2000        7         12736         47709
      14     1000     2000       -1            89           159
      15     1000     2000        8         32816         44233
      16     1000     2000       11         83963        685116
      17     1000     2000       -1         92307       1281965
      18     1000     2000       10         27634        245389
      19     1000     2000       10         40643        403092
      20     1000     2000       11         72891        879977
      21     1000     3000        3          1020          3703
      22     1000     3000        5          8412        321507
      23     1000     3000        8         94792        525197
      24     1000     3000        5         20722        870524
      25     1000     3000        7         79396        209361
      26     1000     3000        8         85577        474775
      27     1000     3000        7         70097        729886
      28     1000     3000        5         23208       1105510
      29     1000     3000        6         23717        361843
      30     1000     3000        5          7329        333465
      31     1000     4000        5         42187       3299865
      32     1000     4000        5         29420       2903727
      33     1000     4000        5         35217       3507807
      34     1000     4000        7         54041        571335
      35     1000     4000        7        418986        847925
      36     1000     4000       -1            74           124
      37     1000     4000        4         12196         14329
      38     1000     4000        6         68666       2783060
      39     1000     4000        5         27339       2979958
      40     1000     4000        6         95742       2521550
      41     1000     5000        5         54915       8974584
      42     1000     5000        4         33784         36158
      43     1000     5000        4         13393         17101
      44     1000     5000        4         25479         29793
      45     1000     5000        5         61797      12711480
      46     1000     5000        5         71411      12965344
      47     1000     5000        6        101001       8972867
      48     1000     5000        6         95276       7253515
      49     1000     5000        6         70740       5512996
      50     1000     5000        3          5755         30933
      51     1000     6000        4         42483         44846
      52     1000     6000        5         78415      35741518
      53     1000     6000        4         43160         50796
      54     1000     6000        3          7843       2494681
      55     1000     6000        5         67962      33494567
      56     1000     6000        5         73453      34924057
      57     1000     6000        5         42955      21101741
      58     1000     6000        4         53358         60088
      59     1000     6000        5         97961      49188962
      60     1000     6000        5        152120      42676777
      61     1000     7000        2          1213         37664
      62     1000     7000        5        158110      84096850
      63     1000     7000        4         51652         58789
      64     1000     7000        4         50103         56016
      65     1000     7000        3          7076         47948
      66     1000     7000        5        109386      77409123
      67     1000     7000        4         31814         37850
      68     1000     7000        4         35207         41406
      69     1000     7000        4         34603         40714
      70     1000     7000        5        118718      83916619
      71     1000     8000        4         68843         77434
      72     1000     8000        3         14728         84640
      73     1000     8000        3         18380         97891
      74     1000     8000        4         58726         67040
      75     1000     8000        3         12329         75872
      76     1000     8000        4         61596         69058
      77     1000     8000        5        141039     119985625
      78     1000     8000        4         64083         70103
      79     1000     8000        4         73315         79597
      80     1000     8000        4         32408         37355
      81     1000     9000        3         13794         87903
      82     1000     9000        3         14107       1706377
      83     1000     9000        4         90700         88954
      84     1000     9000        3         19513        108390
      85     1000     9000        4         93940        100537
      86     1000     9000        4         76493        183616
      87     1000     9000        3         10687         44118
      88     1000     9000        1           278        111554
      89     1000     9000        3         12653         85129
      90     1000     9000        3         11725         83960
      91     1000    10000        2          2925       1732487
      92     1000    10000        3         21714        114902
      93     1000    10000        3         11864         89899
      94     1000    10000        0             1         95541
      95     1000    10000        4         89094         95955
      96     1000    10000        3         15820        105293
      97     1000    10000        4         67111         73584
      98     1000    10000        2          1923        108074
      99     1000    10000        2          1228         84891
     100     1000    10000        3         19307        116701
     101     1000    11000        4        128879        133684
     102     1000    11000        3         27083        136441
     103     1000    11000        3         13595         97252
     104     1000    11000        4         92589        100084
     105     1000    11000        3         11265         89452
     106     1000    11000        4        130203        135551
     107     1000    11000        3         20842        126123
     108     1000    11000        3         21936        130597
     109     1000    11000        3         14241        103975
     110     1000    11000        3         20718        127859
     111     1000    12000        3         16541        122748
     112     1000    12000        4        139592        147657
     113     1000    12000        4        219379        114608
     114     1000    12000        3         21665        136329
     115     1000    12000        2          1660        130885
     116     1000    12000        3         17796        126975
     117     1000    12000        3         23461       1819033
     118     1000    12000        4        110794        116100
     119     1000    12000        3         17796        125294
     120     1000    12000        4        100939        106586
     121     1000    13000        1           227        140930
     122     1000    13000        3         23623       1801902
     123     1000    13000        3         25136        147235
     124     1000    13000        2          1728        138352
     125     1000    13000        3         40154        163701
     126     1000    13000        3         17823        131848
     127     1000    13000        3         25380        150055
     128     1000    13000        3         29899        157176
     129     1000    13000        3         19674        136682
     130     1000    13000        3         38097        162061
     131     1000    14000        3         28680        165560
     132     1000    14000        2          3016        172650
     133     1000    14000        3         24892        161400
     134     1000    14000        3         40800        175141
     135     1000    14000        3         36025       1843629
     136     1000    14000        3         31947        159366
     137     1000    14000        3         48963        170093
     138     1000    14000        3         38134        166717
     139     1000    14000        4        143130        148269
     140     1000    14000        2          2230        160056
     141     1000    15000        2          3117        179689
     142     1000    15000        3         26206        166885
     143     1000    15000        3         52352        181054
     144     1000    15000        3         33693        172805
     145     1000    15000        3         47267        182307
     146     1000    15000        3         46630       1905156
     147     1000    15000        3         33732        173515
     148     1000    15000        3         35313        168107
     149     1000    15000        3         28238        162573
     150     1000    15000        4        148615        153805
     151     1000    16000        3         46537        186869
     152     1000    16000        3         35125        181008
     153     1000    16000        3         28899        175435
     154     1000    16000        2          3097        184261
     155     1000    16000        2          3377        187777
     156     1000    16000        2          5274       2062587
     157     1000    16000        3         34654        180510
     158     1000    16000        4        166703        166928
     159     1000    16000        3         49590        184088
     160     1000    16000        2          2607        178225
     161     1000    17000        3         55146        195301
     162     1000    17000        3         60634        195167
     163     1000    17000        3         25787        176518
     164     1000    17000        2          4041        194167
     165     1000    17000        3         69892       1979743
     166     1000    17000        3         50865        186454
     167     1000    17000        3         50941        187331
     168     1000    17000        2          4054        186770
     169     1000    17000        3         49501        187500
     170     1000    17000        2          3243        191124
     171     1000    18000        3         41734        200280
     172     1000    18000        3         58324        202086
     173     1000    18000        3         47392       1897550
     174     1000    18000        4        185153        189457
     175     1000    18000        3         58308        206649
     176     1000    18000        3         49638        195494
     177     1000    18000        3         70949        199404
     178     1000    18000        3         74868        199215
     179     1000    18000        3         48236        196061
     180     1000    18000        2          3907       2125933
     181     1000    19000        3         45789        204366
     182     1000    19000        3         63780        204682
     183     1000    19000        3         32554        194513
     184     1000    19000        1           271        206058
     185     1000    19000        3         68074        206308
     186     1000    19000        3         62093        205452
     187     1000    19000        3         67504       2131132
     188     1000    19000        3         64665        205800
     189     1000    19000        2          3839        203673
     190     1000    19000        2          4289        199832
REMOTE SEARCHER, REMOTE NODES
 Attempt    Nodes    Edges Distance          Time         TTime
       1     1000     1000       -1           553          8894
       2     1000     1000       -1         19288        107309
       3     1000     1000       -1           346           415
       4     1000     1000       -1           750          1457
       5     1000     1000       -1           144           205
       6     1000     1000       -1          2941         13477
       7     1000     1000       -1           531           592
       8     1000     1000       -1           356           228
       9     1000     1000       -1           382           749
      10     1000     1000       -1           467           426
      11     1000     2000       -1           281           488
      12     1000     2000        9         44202        803822
      13     1000     2000        7         10844         49191
      14     1000     2000       -1          1353           416
      15     1000     2000        9         40166       2462816
      16     1000     2000       -1           240           203
      17     1000     2000       10         51541       2443787
      18     1000     2000       -1           599           792
      19     1000     2000       10         56723        741617
      20     1000     2000        9         44807       2578619
      21     1000     3000        7         40223        274573
      22     1000     3000       -1           178           204
      23     1000     3000        4          6688          9950
      24     1000     3000        8         79002       2113399
      25     1000     3000        8         59240        160160
      26     1000     3000        3          2594          9480
      27     1000     3000        3           845          3913
      28     1000     3000        4          8989         10153
      29     1000     3000       10         97885       9647787
      30     1000     3000        5         18942       2732170
      31     1000     4000        5         44701       9742094
      32     1000     4000       -1        109605      25611351
      33     1000     4000        5         32987       8676828
      34     1000     4000        5         39076       9736359
      35     1000     4000        4          6376          8660
      36     1000     4000        6         70374       6372579
      37     1000     4000        6         75129       6686791
      38     1000     4000        5         21802       5813145
      39     1000     4000        6         56893       5587571
      40     1000     4000        6         90523       6309112
      41     1000     5000        5         54542      21776184
      42     1000     5000        6        111386      28162498
      43     1000     5000        5         86572      34616214
      44     1000     5000        5         60747      25030066
      45     1000     5000        3          3692         19642
      46     1000     5000        4          4194          4965
      47     1000     5000        5         52689      20000473
      48     1000     5000        5         82096      33860732
      49     1000     5000        5         61904      24727644
      50     1000     5000        5         69216      21850330
      51     1000     6000        4         20296         21781
      52     1000     6000        3          2803         17519
      53     1000     6000        2          1289         42282
      54     1000     6000        3          8462         48153
      55     1000     6000        5         60333      36597995
      56     1000     6000        5          9180       5876781
      57     1000     6000        2          1355         39654
      58     1000     6000        3          3979         23122
      59     1000     6000        5         66664      40616408
      60     1000     6000        4         37671         41726
      61     1000     7000        3         14432         69489
      62     1000     7000        5        106618      91257822
      63     1000     7000        4         27028         27865
      64     1000     7000        5        111421     100074812
      65     1000     7000        4         61167         61134
      66     1000     7000        3          7355         48089
      67     1000     7000        5         82873      74499880
      68     1000     7000        5         90678      66410054
      69     1000     7000        4         58309         64233
      70     1000     7000        2           926         33341
      71     1000     8000        4       3227469         52718
      72     1000     8000        4         35141         39100
      73     1000     8000        5        113156     127298837
      74     1000     8000        4         49502         53157
      75     1000     8000        4       1992913         64798
      76     1000     8000        3         13065         79875
      77     1000     8000        3         10089         59902
      78     1000     8000        4         50857         56331
      79     1000     8000        2          1190         55696
      80     1000     8000        4         53628         58203
      81     1000     9000        3          9804         67277
      82     1000     9000        3         13139         84901
      83     1000     9000        5         90714     128736335
      84     1000     9000        3         16212         95179
      85     1000     9000        3         13529         87135
      86     1000     9000        3         13283         84253
      87     1000     9000        4         59127         64035
      88     1000     9000        3         15015         93116
      89     1000     9000        1           288         92567
      90     1000     9000        4       2072612         94579
      91     1000    10000        3         10534         78228
      92     1000    10000        2          1512         96318
      93     1000    10000        4         95264       1908115
      94     1000    10000        3         15668        101163
      95     1000    10000        2          1034         54276
      96     1000    10000        4         74554         81058
      97     1000    10000        4         80822         84627
      98     1000    10000        4         75775         82606
      99     1000    10000        2          2902        111597
     100     1000    10000        3         10051         75835
     101     1000    11000        3         21665        123459
     102     1000    11000        3         18998        118307
     103     1000    11000        3         18197        117984
     104     1000    11000        3         21255        128262
     105     1000    11000        4        101207       1938849
     106     1000    11000        3         17121        113194
     107     1000    11000        3         12860         98643
     108     1000    11000        4         71092         76769
     109     1000    11000        2          2759        138991
     110     1000    11000        3          9623         80585
     111     1000    12000        3         20401        129659
     112     1000    12000        3         26669        146540
     113     1000    12000        2          2312        142181
     114     1000    12000        0           160        132579
     115     1000    12000        3         27605        146464
     116     1000    12000        3         31791       2006964
     117     1000    12000        3         26109        138062
     118     1000    12000        2          2732        146179
     119     1000    12000        3         20308        130198
     120     1000    12000        3         20813        133776
     121     1000    13000        3         21629        134548
     122     1000    13000        3         20977        138858
     123     1000    13000        3         37660        163145
     124     1000    13000        3         33623       1996384
     125     1000    13000        3         32984        157337
     126     1000    13000        3         22962        143648
     127     1000    13000        3         24864        147894
     128     1000    13000        3         35506        159743
     129     1000    13000        3         15308        121657
     130     1000    13000        3         29962        152953
     131     1000    14000        3         42697       1962064
     132     1000    14000        2          3598        167571
     133     1000    14000        3         22497        149953
     134     1000    14000        2          2414        169737
     135     1000    14000        3         42018        172681
     136     1000    14000        3         34637        167684
     137     1000    14000        1           337        170830
     138     1000    14000        3         14300       2084490
     139     1000    14000        3         34639        164367
     140     1000    14000        3         25264        150535
     141     1000    15000        3         40833        181070
     142     1000    15000        2          3356        188985
     143     1000    15000        3         28947        187480
     144     1000    15000        3       2003949        178626
     145     1000    15000        3         31155        169555
     146     1000    15000        3         36069        175722
     147     1000    15000        3         42301        179261
     148     1000    15000        3         33837        171778
     149     1000    15000        3         47350       2117373
     150     1000    15000        3         48103        177088
     151     1000    16000        4        188882        192359
     152     1000    16000        3         49650       2090661
     153     1000    16000        3         70797        186111
     154     1000    16000        3         54147        181988
     155     1000    16000        3         47983        185976
     156     1000    16000        2          3688        186527
     157     1000    16000        3         40057       2186155
     158     1000    16000        3         37987        172388
     159     1000    16000        3         32890        176061
     160     1000    16000        3         42172        178057
     161     1000    17000        3         57319       2032448
     162     1000    17000        2          4227        192164
     163     1000    17000        3         31320        180499
     164     1000    17000        2          3837        191207
     165     1000    17000        3         37814        188690
     166     1000    17000        2          2824       2252694
     167     1000    17000        3         64146        206812
     168     1000    17000        3         54528        188004
     169     1000    17000        2          3028        184103
     170     1000    17000        2          4785        187709
     171     1000    18000        3         50855        198977
     172     1000    18000        2          3989        199852
     173     1000    18000        2          3956        198872
     174     1000    18000        3         66932       2166698
     175     1000    18000        3         54102        194997
     176     1000    18000        3         42448        191054
     177     1000    18000        3         60213        196328
     178     1000    18000        3         44324       2148729
     179     1000    18000        2          4139        193096
     180     1000    18000        3         57362        195121
     181     1000    19000        3       1868316        209688
     182     1000    19000        4        197567        203263
     183     1000    19000        3         60509        210917
     184     1000    19000        3         63797       2397647
     185     1000    19000        2          4289        203928
     186     1000    19000        3         57886        199610
     187     1000    19000        3         69411       2159256
     188     1000    19000        3         58210        203475
     189     1000    19000        3         77981        205705
     190     1000    19000        3         54794        204390
